,GENBANK_REFERENCE,CATALOGUE_NAME,CATALOGUE_VERSION,CATALOGUE_GRAMMAR,PREDICTION_VALUES,DRUG,MUTATION,PREDICTION,SOURCE,EVIDENCE,OTHER
0,NC00962.3,catomatic_test,1.1,GARC1,RUS,streptomycin,rrs@c1257t,S,{},"[{""proportion"": 0.0, ""confidence"": [0.0, 0.7301340512159458], ""p_value"": 1.0, ""contingency"": [[0, 1], [160, 3220]]}]",{}
1,NC00962.3,catomatic_test,1.1,GARC1,RUS,streptomycin,rrs@c735g,S,{},"[{""proportion"": 0.0, ""confidence"": [0.0, 0.7301340512159458], ""p_value"": 1.0, ""contingency"": [[0, 1], [160, 3220]]}]",{}
2,NC00962.3,catomatic_test,1.1,GARC1,RUS,streptomycin,rrs@g-68c,S,{},"[{""proportion"": 0.0, ""confidence"": [0.0, 0.7301340512159458], ""p_value"": 1.0, ""contingency"": [[0, 1], [160, 3220]]}]",{}
3,NC00962.3,catomatic_test,1.1,GARC1,RUS,streptomycin,gid@A205T,S,{},"[{""proportion"": 0.0, ""confidence"": [0.0, 0.21294197008340698], ""p_value"": 0.07604122161865237, ""contingency"": [[0, 10], [160, 3220]]}]",{}
4,NC00962.3,catomatic_test,1.1,GARC1,RUS,streptomycin,gid@-33_del_t,S,{},"[{""proportion"": 0.0, ""confidence"": [0.0, 0.7301340512159458], ""p_value"": 1.0, ""contingency"": [[0, 1], [160, 3220]]}]",{}
5,NC00962.3,catomatic_test,1.1,GARC1,RUS,streptomycin,gid@!225C,S,{},"[{""proportion"": 0.0, ""confidence"": [0.0, 0.3107839813059142], ""p_value"": 0.347412109375, ""contingency"": [[0, 6], [160, 3220]]}]",{}
6,NC00962.3,catomatic_test,1.1,GARC1,RUS,streptomycin,gid@G69I,S,{},"[{""proportion"": 0.0, ""confidence"": [0.0, 0.5749693909936536], ""p_value"": 1.0, ""contingency"": [[0, 2], [160, 3220]]}]",{}
7,NC00962.3,catomatic_test,1.1,GARC1,RUS,streptomycin,gid@L16R,S,{},"[{""proportion"": 0.026143790849673203, ""confidence"": [0.011790073216959988, 0.056964983389303905], ""p_value"": 3.377077094981335e-14, ""contingency"": [[4, 149], [160, 3220]]}]",{}
8,NC00962.3,catomatic_test,1.1,GARC1,RUS,streptomycin,gid@E92D,S,{},"[{""proportion"": 0.08, ""confidence"": [0.05606771797612129, 0.11292558098509829], ""p_value"": 7.236482515683313e-12, ""contingency"": [[20, 230], [160, 3220]]}]",{}
9,NC00962.3,catomatic_test,1.1,GARC1,RUS,streptomycin,gid@Y22C,S,{},"[{""proportion"": 0.0, ""confidence"": [0.0, 0.7301340512159458], ""p_value"": 1.0, ""contingency"": [[0, 1], [160, 3220]]}]",{}
10,NC00962.3,catomatic_test,1.1,GARC1,RUS,streptomycin,gid@245_del_c,S,{},"[{""proportion"": 0.0, ""confidence"": [0.0, 0.7301340512159458], ""p_value"": 1.0, ""contingency"": [[0, 1], [160, 3220]]}]",{}
11,NC00962.3,catomatic_test,1.1,GARC1,RUS,streptomycin,gid@T190I,S,{},"[{""proportion"": 0.0, ""confidence"": [0.0, 0.7301340512159458], ""p_value"": 1.0, ""contingency"": [[0, 1], [160, 3220]]}]",{}
12,NC00962.3,catomatic_test,1.1,GARC1,RUS,streptomycin,gid@c-71t,S,{},"[{""proportion"": 0.0, ""confidence"": [0.0, 0.7301340512159458], ""p_value"": 1.0, ""contingency"": [[0, 1], [160, 3220]]}]",{}
13,NC00962.3,catomatic_test,1.1,GARC1,RUS,streptomycin,gid@G28E,S,{},"[{""proportion"": 0.0, ""confidence"": [0.0, 0.7301340512159458], ""p_value"": 1.0, ""contingency"": [[0, 1], [160, 3220]]}]",{}
14,NC00962.3,catomatic_test,1.1,GARC1,RUS,streptomycin,gid@P198R,S,{},"[{""proportion"": 0.0, ""confidence"": [0.0, 0.7301340512159458], ""p_value"": 1.0, ""contingency"": [[0, 1], [160, 3220]]}]",{}
15,NC00962.3,catomatic_test,1.1,GARC1,RUS,streptomycin,gid@V41A,S,{},"[{""proportion"": 0.0, ""confidence"": [0.0, 0.7301340512159458], ""p_value"": 1.0, ""contingency"": [[0, 1], [160, 3220]]}]",{}
16,NC00962.3,catomatic_test,1.1,GARC1,RUS,streptomycin,rrs@a1278g,S,{},"[{""proportion"": 0.0, ""confidence"": [0.0, 0.5749693909936536], ""p_value"": 1.0, ""contingency"": [[0, 2], [160, 3220]]}]",{}
17,NC00962.3,catomatic_test,1.1,GARC1,RUS,streptomycin,rpsL@A113G,S,{},"[{""proportion"": 0.0, ""confidence"": [0.0, 0.7301340512159458], ""p_value"": 1.0, ""contingency"": [[0, 1], [160, 3220]]}]",{}
18,NC00962.3,catomatic_test,1.1,GARC1,RUS,streptomycin,rpsL@S17N,S,{},"[{""proportion"": 0.0, ""confidence"": [0.0, 0.5749693909936536], ""p_value"": 1.0, ""contingency"": [[0, 2], [160, 3220]]}]",{}
19,NC00962.3,catomatic_test,1.1,GARC1,RUS,streptomycin,rrs@c1220g,S,{},"[{""proportion"": 0.0, ""confidence"": [0.0, 0.5749693909936536], ""p_value"": 1.0, ""contingency"": [[0, 2], [160, 3220]]}]",{}
20,NC00962.3,catomatic_test,1.1,GARC1,RUS,streptomycin,rrs@c492t,S,{},"[{""proportion"": 0.028985507246376812, ""confidence"": [0.0096387118661011, 0.08387628196960116], ""p_value"": 1.0282242350932428e-06, ""contingency"": [[2, 67], [160, 3220]]}]",{}
21,NC00962.3,catomatic_test,1.1,GARC1,RUS,streptomycin,rrs@t-4g,S,{},"[{""proportion"": 0.0, ""confidence"": [0.0, 0.21294197008340698], ""p_value"": 0.07604122161865237, ""contingency"": [[0, 10], [160, 3220]]}]",{}
22,NC00962.3,catomatic_test,1.1,GARC1,RUS,streptomycin,rrs@c340t,S,{},"[{""proportion"": 0.0, ""confidence"": [0.0, 0.7301340512159458], ""p_value"": 1.0, ""contingency"": [[0, 1], [160, 3220]]}]",{}
23,NC00962.3,catomatic_test,1.1,GARC1,RUS,streptomycin,gid@Y195H,S,{},"[{""proportion"": 0.0, ""confidence"": [0.0, 0.06990067087687774], ""p_value"": 5.349402118172382e-05, ""contingency"": [[0, 36], [160, 3220]]}]",{}
24,NC00962.3,catomatic_test,1.1,GARC1,RUS,streptomycin,gid@A167P,S,{},"[{""proportion"": 0.0, ""confidence"": [0.0, 0.4741955741575128], ""p_value"": 1.0, ""contingency"": [[0, 3], [160, 3220]]}]",{}
25,NC00962.3,catomatic_test,1.1,GARC1,RUS,streptomycin,rrs@t983c,S,{},"[{""proportion"": 0.0, ""confidence"": [0.0, 0.7301340512159458], ""p_value"": 1.0, ""contingency"": [[0, 1], [160, 3220]]}]",{}
26,NC00962.3,catomatic_test,1.1,GARC1,RUS,streptomycin,rrs@g1379a,S,{},"[{""proportion"": 0.0, ""confidence"": [0.0, 0.27876269545254206], ""p_value"": 0.20404052734375, ""contingency"": [[0, 7], [160, 3220]]}]",{}
27,NC00962.3,catomatic_test,1.1,GARC1,RUS,streptomycin,rrs@t213c,S,{},"[{""proportion"": 0.0, ""confidence"": [0.0, 0.7301340512159458], ""p_value"": 1.0, ""contingency"": [[0, 1], [160, 3220]]}]",{}
28,NC00962.3,catomatic_test,1.1,GARC1,RUS,streptomycin,gid@H174R,S,{},"[{""proportion"": 0.0, ""confidence"": [0.0, 0.7301340512159458], ""p_value"": 1.0, ""contingency"": [[0, 1], [160, 3220]]}]",{}
29,NC00962.3,catomatic_test,1.1,GARC1,RUS,streptomycin,rrs@c182g,S,{},"[{""proportion"": 0.0, ""confidence"": [0.0, 0.7301340512159458], ""p_value"": 1.0, ""contingency"": [[0, 1], [160, 3220]]}]",{}
30,NC00962.3,catomatic_test,1.1,GARC1,RUS,streptomycin,gid@302_del_tt,S,{},"[{""proportion"": 0.0, ""confidence"": [0.0, 0.7301340512159458], ""p_value"": 1.0, ""contingency"": [[0, 1], [160, 3220]]}]",{}
31,NC00962.3,catomatic_test,1.1,GARC1,RUS,streptomycin,rpsL@c-77t,S,{},"[{""proportion"": 0.0, ""confidence"": [0.0, 0.7301340512159458], ""p_value"": 1.0, ""contingency"": [[0, 1], [160, 3220]]}]",{}
32,NC00962.3,catomatic_test,1.1,GARC1,RUS,streptomycin,rpsL@I16V,S,{},"[{""proportion"": 0.0, ""confidence"": [0.0, 0.7301340512159458], ""p_value"": 1.0, ""contingency"": [[0, 1], [160, 3220]]}]",{}
33,NC00962.3,catomatic_test,1.1,GARC1,RUS,streptomycin,rrs@g996t,S,{},"[{""proportion"": 0.0, ""confidence"": [0.0, 0.7301340512159458], ""p_value"": 1.0, ""contingency"": [[0, 1], [160, 3220]]}]",{}
34,NC00962.3,catomatic_test,1.1,GARC1,RUS,streptomycin,gid@A10P,S,{},"[{""proportion"": 0.0, ""confidence"": [0.0, 0.4741955741575128], ""p_value"": 1.0, ""contingency"": [[0, 3], [160, 3220]]}]",{}
35,NC00962.3,catomatic_test,1.1,GARC1,RUS,streptomycin,gid@H48Y,S,{},"[{""proportion"": 0.0, ""confidence"": [0.0, 0.7301340512159458], ""p_value"": 1.0, ""contingency"": [[0, 1], [160, 3220]]}]",{}
36,NC00962.3,catomatic_test,1.1,GARC1,RUS,streptomycin,gid@c-11t,S,{},"[{""proportion"": 0.0, ""confidence"": [0.0, 0.27876269545254206], ""p_value"": 0.20404052734375, ""contingency"": [[0, 7], [160, 3220]]}]",{}
37,NC00962.3,catomatic_test,1.1,GARC1,RUS,streptomycin,gid@E40A,S,{},"[{""proportion"": 0.0, ""confidence"": [0.0, 0.7301340512159458], ""p_value"": 1.0, ""contingency"": [[0, 1], [160, 3220]]}]",{}
38,NC00962.3,catomatic_test,1.1,GARC1,RUS,streptomycin,gid@R154P,S,{},"[{""proportion"": 0.0, ""confidence"": [0.0, 0.5749693909936536], ""p_value"": 1.0, ""contingency"": [[0, 2], [160, 3220]]}]",{}
39,NC00962.3,catomatic_test,1.1,GARC1,RUS,streptomycin,rrs@g891a,S,{},"[{""proportion"": 0.0, ""confidence"": [0.0, 0.5749693909936536], ""p_value"": 1.0, ""contingency"": [[0, 2], [160, 3220]]}]",{}
40,NC00962.3,catomatic_test,1.1,GARC1,RUS,streptomycin,rrs@g1446a,S,{},"[{""proportion"": 0.0, ""confidence"": [0.0, 0.7301340512159458], ""p_value"": 1.0, ""contingency"": [[0, 1], [160, 3220]]}]",{}
41,NC00962.3,catomatic_test,1.1,GARC1,RUS,streptomycin,rrs@g1207a,S,{},"[{""proportion"": 0.0, ""confidence"": [0.0, 0.7301340512159458], ""p_value"": 1.0, ""contingency"": [[0, 1], [160, 3220]]}]",{}
42,NC00962.3,catomatic_test,1.1,GARC1,RUS,streptomycin,gid@L101P,S,{},"[{""proportion"": 0.0, ""confidence"": [0.0, 0.7301340512159458], ""p_value"": 1.0, ""contingency"": [[0, 1], [160, 3220]]}]",{}
43,NC00962.3,catomatic_test,1.1,GARC1,RUS,streptomycin,gid@F100V,S,{},"[{""proportion"": 0.0, ""confidence"": [0.0, 0.7301340512159458], ""p_value"": 1.0, ""contingency"": [[0, 1], [160, 3220]]}]",{}
44,NC00962.3,catomatic_test,1.1,GARC1,RUS,streptomycin,rrs@c1160g,S,{},"[{""proportion"": 0.0, ""confidence"": [0.0, 0.7301340512159458], ""p_value"": 1.0, ""contingency"": [[0, 1], [160, 3220]]}]",{}
45,NC00962.3,catomatic_test,1.1,GARC1,RUS,streptomycin,gid@P199A,S,{},"[{""proportion"": 0.0, ""confidence"": [0.0, 0.4034786252027047], ""p_value"": 0.578125, ""contingency"": [[0, 4], [160, 3220]]}]",{}
46,NC00962.3,catomatic_test,1.1,GARC1,RUS,streptomycin,gid@P3S,S,{},"[{""proportion"": 0.0, ""confidence"": [0.0, 0.7301340512159458], ""p_value"": 1.0, ""contingency"": [[0, 1], [160, 3220]]}]",{}
47,NC00962.3,catomatic_test,1.1,GARC1,RUS,streptomycin,rrs@g280t,S,{},"[{""proportion"": 0.0, ""confidence"": [0.0, 0.7301340512159458], ""p_value"": 1.0, ""contingency"": [[0, 1], [160, 3220]]}]",{}
48,NC00962.3,catomatic_test,1.1,GARC1,RUS,streptomycin,gid@A27P,S,{},"[{""proportion"": 0.0, ""confidence"": [0.0, 0.7301340512159458], ""p_value"": 1.0, ""contingency"": [[0, 1], [160, 3220]]}]",{}
49,NC00962.3,catomatic_test,1.1,GARC1,RUS,streptomycin,rrs@c569t,S,{},"[{""proportion"": 0.0, ""confidence"": [0.0, 0.4741955741575128], ""p_value"": 1.0, ""contingency"": [[0, 3], [160, 3220]]}]",{}
50,NC00962.3,catomatic_test,1.1,GARC1,RUS,streptomycin,gid@T98P,S,{},"[{""proportion"": 0.0, ""confidence"": [0.0, 0.7301340512159458], ""p_value"": 1.0, ""contingency"": [[0, 1], [160, 3220]]}]",{}
51,NC00962.3,catomatic_test,1.1,GARC1,RUS,streptomycin,rpsL@Q105E,S,{},"[{""proportion"": 0.0, ""confidence"": [0.0, 0.7301340512159458], ""p_value"": 1.0, ""contingency"": [[0, 1], [160, 3220]]}]",{}
52,NC00962.3,catomatic_test,1.1,GARC1,RUS,streptomycin,rrs@c1283t,S,{},"[{""proportion"": 0.0, ""confidence"": [0.0, 0.7301340512159458], ""p_value"": 1.0, ""contingency"": [[0, 1], [160, 3220]]}]",{}
53,NC00962.3,catomatic_test,1.1,GARC1,RUS,streptomycin,rrs@g1323t,S,{},"[{""proportion"": 0.0, ""confidence"": [0.0, 0.7301340512159458], ""p_value"": 1.0, ""contingency"": [[0, 1], [160, 3220]]}]",{}
54,NC00962.3,catomatic_test,1.1,GARC1,RUS,streptomycin,gid@E57K,S,{},"[{""proportion"": 0.0, ""confidence"": [0.0, 0.7301340512159458], ""p_value"": 1.0, ""contingency"": [[0, 1], [160, 3220]]}]",{}
55,NC00962.3,catomatic_test,1.1,GARC1,RUS,streptomycin,rrs@a1012g,S,{},"[{""proportion"": 0.0, ""confidence"": [0.0, 0.7301340512159458], ""p_value"": 1.0, ""contingency"": [[0, 1], [160, 3220]]}]",{}
56,NC00962.3,catomatic_test,1.1,GARC1,RUS,streptomycin,gid@c-89t,S,{},"[{""proportion"": 0.0, ""confidence"": [0.0, 0.7301340512159458], ""p_value"": 1.0, ""contingency"": [[0, 1], [160, 3220]]}]",{}
57,NC00962.3,catomatic_test,1.1,GARC1,RUS,streptomycin,rrs@t1208g,S,{},"[{""proportion"": 0.0, ""confidence"": [0.0, 0.7301340512159458], ""p_value"": 1.0, ""contingency"": [[0, 1], [160, 3220]]}]",{}
58,NC00962.3,catomatic_test,1.1,GARC1,RUS,streptomycin,rrs@g1450a,S,{},"[{""proportion"": 0.0, ""confidence"": [0.0, 0.7301340512159458], ""p_value"": 1.0, ""contingency"": [[0, 1], [160, 3220]]}]",{}
59,NC00962.3,catomatic_test,1.1,GARC1,RUS,streptomycin,gid@L74F,S,{},"[{""proportion"": 0.0, ""confidence"": [0.0, 0.7301340512159458], ""p_value"": 1.0, ""contingency"": [[0, 1], [160, 3220]]}]",{}
60,NC00962.3,catomatic_test,1.1,GARC1,RUS,streptomycin,rrs@t822c,S,{},"[{""proportion"": 0.0, ""confidence"": [0.0, 0.5749693909936536], ""p_value"": 1.0, ""contingency"": [[0, 2], [160, 3220]]}]",{}
61,NC00962.3,catomatic_test,1.1,GARC1,RUS,streptomycin,gid@R137P,S,{},"[{""proportion"": 0.0, ""confidence"": [0.0, 0.7301340512159458], ""p_value"": 1.0, ""contingency"": [[0, 1], [160, 3220]]}]",{}
62,NC00962.3,catomatic_test,1.1,GARC1,RUS,streptomycin,rrs@c1241t,S,{},"[{""proportion"": 0.0, ""confidence"": [0.0, 0.7301340512159458], ""p_value"": 1.0, ""contingency"": [[0, 1], [160, 3220]]}]",{}
63,NC00962.3,catomatic_test,1.1,GARC1,RUS,streptomycin,gid@L44R,S,{},"[{""proportion"": 0.0, ""confidence"": [0.0, 0.7301340512159458], ""p_value"": 1.0, ""contingency"": [[0, 1], [160, 3220]]}]",{}
64,NC00962.3,catomatic_test,1.1,GARC1,RUS,streptomycin,rrs@t454c,S,{},"[{""proportion"": 0.0, ""confidence"": [0.0, 0.7301340512159458], ""p_value"": 1.0, ""contingency"": [[0, 1], [160, 3220]]}]",{}
65,NC00962.3,catomatic_test,1.1,GARC1,RUS,streptomycin,gid@t-65c,S,{},"[{""proportion"": 0.0, ""confidence"": [0.0, 0.7301340512159458], ""p_value"": 1.0, ""contingency"": [[0, 1], [160, 3220]]}]",{}
66,NC00962.3,catomatic_test,1.1,GARC1,RUS,streptomycin,gid@R47Q,S,{},"[{""proportion"": 0.0, ""confidence"": [0.0, 0.7301340512159458], ""p_value"": 1.0, ""contingency"": [[0, 1], [160, 3220]]}]",{}
67,NC00962.3,catomatic_test,1.1,GARC1,RUS,streptomycin,rrs@644_ins_g,S,{},"[{""proportion"": 0.0, ""confidence"": [0.0, 0.7301340512159458], ""p_value"": 1.0, ""contingency"": [[0, 1], [160, 3220]]}]",{}
68,NC00962.3,catomatic_test,1.1,GARC1,RUS,streptomycin,gid@356_del_c,S,{},"[{""proportion"": 0.0, ""confidence"": [0.0, 0.7301340512159458], ""p_value"": 1.0, ""contingency"": [[0, 1], [160, 3220]]}]",{}
69,NC00962.3,catomatic_test,1.1,GARC1,RUS,streptomycin,gid@A133G,S,{},"[{""proportion"": 0.0, ""confidence"": [0.0, 0.7301340512159458], ""p_value"": 1.0, ""contingency"": [[0, 1], [160, 3220]]}]",{}
70,NC00962.3,catomatic_test,1.1,GARC1,RUS,streptomycin,gid@F204L,S,{},"[{""proportion"": 0.0, ""confidence"": [0.0, 0.7301340512159458], ""p_value"": 1.0, ""contingency"": [[0, 1], [160, 3220]]}]",{}
71,NC00962.3,catomatic_test,1.1,GARC1,RUS,streptomycin,rrs@g1108t,S,{},"[{""proportion"": 0.0, ""confidence"": [0.0, 0.7301340512159458], ""p_value"": 1.0, ""contingency"": [[0, 1], [160, 3220]]}]",{}
72,NC00962.3,catomatic_test,1.1,GARC1,RUS,streptomycin,rrs@t-32c,S,{},"[{""proportion"": 0.0, ""confidence"": [0.0, 0.7301340512159458], ""p_value"": 1.0, ""contingency"": [[0, 1], [160, 3220]]}]",{}
73,NC00962.3,catomatic_test,1.1,GARC1,RUS,streptomycin,rrs@g-71a,S,{},"[{""proportion"": 0.0, ""confidence"": [0.0, 0.5749693909936536], ""p_value"": 1.0, ""contingency"": [[0, 2], [160, 3220]]}]",{}
74,NC00962.3,catomatic_test,1.1,GARC1,RUS,streptomycin,rrs@g704a,S,{},"[{""proportion"": 0.0, ""confidence"": [0.0, 0.7301340512159458], ""p_value"": 1.0, ""contingency"": [[0, 1], [160, 3220]]}]",{}
75,NC00962.3,catomatic_test,1.1,GARC1,RUS,streptomycin,gid@S131R,S,{},"[{""proportion"": 0.0, ""confidence"": [0.0, 0.5749693909936536], ""p_value"": 1.0, ""contingency"": [[0, 2], [160, 3220]]}]",{}
76,NC00962.3,catomatic_test,1.1,GARC1,RUS,streptomycin,gid@L58F,S,{},"[{""proportion"": 0.0, ""confidence"": [0.0, 0.4741955741575128], ""p_value"": 1.0, ""contingency"": [[0, 3], [160, 3220]]}]",{}
77,NC00962.3,catomatic_test,1.1,GARC1,RUS,streptomycin,rrs@c397t,S,{},"[{""proportion"": 0.0, ""confidence"": [0.0, 0.7301340512159458], ""p_value"": 1.0, ""contingency"": [[0, 1], [160, 3220]]}]",{}
78,NC00962.3,catomatic_test,1.1,GARC1,RUS,streptomycin,rrs@c1319a,S,{},"[{""proportion"": 0.0, ""confidence"": [0.0, 0.7301340512159458], ""p_value"": 1.0, ""contingency"": [[0, 1], [160, 3220]]}]",{}
79,NC00962.3,catomatic_test,1.1,GARC1,RUS,streptomycin,gid@S149R,S,{},"[{""proportion"": 0.0, ""confidence"": [0.0, 0.7301340512159458], ""p_value"": 1.0, ""contingency"": [[0, 1], [160, 3220]]}]",{}
80,NC00962.3,catomatic_test,1.1,GARC1,RUS,streptomycin,gid@V186F,S,{},"[{""proportion"": 0.0, ""confidence"": [0.0, 0.7301340512159458], ""p_value"": 1.0, ""contingency"": [[0, 1], [160, 3220]]}]",{}
81,NC00962.3,catomatic_test,1.1,GARC1,RUS,streptomycin,gid@L79S,S,{},"[{""proportion"": 0.0, ""confidence"": [0.0, 0.7301340512159458], ""p_value"": 1.0, ""contingency"": [[0, 1], [160, 3220]]}]",{}
82,NC00962.3,catomatic_test,1.1,GARC1,RUS,streptomycin,gid@L160V,S,{},"[{""proportion"": 0.0, ""confidence"": [0.0, 0.7301340512159458], ""p_value"": 1.0, ""contingency"": [[0, 1], [160, 3220]]}]",{}
83,NC00962.3,catomatic_test,1.1,GARC1,RUS,streptomycin,rrs@c181g,S,{},"[{""proportion"": 0.0, ""confidence"": [0.0, 0.7301340512159458], ""p_value"": 1.0, ""contingency"": [[0, 1], [160, 3220]]}]",{}
84,NC00962.3,catomatic_test,1.1,GARC1,RUS,streptomycin,gid@R217W,S,{},"[{""proportion"": 0.0, ""confidence"": [0.0, 0.7301340512159458], ""p_value"": 1.0, ""contingency"": [[0, 1], [160, 3220]]}]",{}
85,NC00962.3,catomatic_test,1.1,GARC1,RUS,streptomycin,gid@H48R,S,{},"[{""proportion"": 0.0, ""confidence"": [0.0, 0.7301340512159458], ""p_value"": 1.0, ""contingency"": [[0, 1], [160, 3220]]}]",{}
86,NC00962.3,catomatic_test,1.1,GARC1,RUS,streptomycin,gid@V139L,S,{},"[{""proportion"": 0.0, ""confidence"": [0.0, 0.7301340512159458], ""p_value"": 1.0, ""contingency"": [[0, 1], [160, 3220]]}]",{}
87,NC00962.3,catomatic_test,1.1,GARC1,RUS,streptomycin,rrs@g1068a,S,{},"[{""proportion"": 0.0, ""confidence"": [0.0, 0.7301340512159458], ""p_value"": 1.0, ""contingency"": [[0, 1], [160, 3220]]}]",{}
88,NC00962.3,catomatic_test,1.1,GARC1,RUS,streptomycin,gid@D67A,S,{},"[{""proportion"": 0.0, ""confidence"": [0.0, 0.7301340512159458], ""p_value"": 1.0, ""contingency"": [[0, 1], [160, 3220]]}]",{}
89,NC00962.3,catomatic_test,1.1,GARC1,RUS,streptomycin,gid@C52Y,S,{},"[{""proportion"": 0.0, ""confidence"": [0.0, 0.7301340512159458], ""p_value"": 1.0, ""contingency"": [[0, 1], [160, 3220]]}]",{}
90,NC00962.3,catomatic_test,1.1,GARC1,RUS,streptomycin,gid@A133P,S,{},"[{""proportion"": 0.0, ""confidence"": [0.0, 0.7301340512159458], ""p_value"": 1.0, ""contingency"": [[0, 1], [160, 3220]]}]",{}
91,NC00962.3,catomatic_test,1.1,GARC1,RUS,streptomycin,gid@R176C,S,{},"[{""proportion"": 0.0, ""confidence"": [0.0, 0.7301340512159458], ""p_value"": 1.0, ""contingency"": [[0, 1], [160, 3220]]}]",{}
92,NC00962.3,catomatic_test,1.1,GARC1,RUS,streptomycin,rpsL@g-58t,S,{},"[{""proportion"": 0.0, ""confidence"": [0.0, 0.7301340512159458], ""p_value"": 1.0, ""contingency"": [[0, 1], [160, 3220]]}]",{}
93,NC00962.3,catomatic_test,1.1,GARC1,RUS,streptomycin,gid@399_ins_t,S,{},"[{""proportion"": 0.0, ""confidence"": [0.0, 0.7301340512159458], ""p_value"": 1.0, ""contingency"": [[0, 1], [160, 3220]]}]",{}
94,NC00962.3,catomatic_test,1.1,GARC1,RUS,streptomycin,rrs@t200a,S,{},"[{""proportion"": 0.0, ""confidence"": [0.0, 0.7301340512159458], ""p_value"": 1.0, ""contingency"": [[0, 1], [160, 3220]]}]",{}
95,NC00962.3,catomatic_test,1.1,GARC1,RUS,streptomycin,gid@469_del_g,S,{},"[{""proportion"": 0.0, ""confidence"": [0.0, 0.7301340512159458], ""p_value"": 1.0, ""contingency"": [[0, 1], [160, 3220]]}]",{}
96,NC00962.3,catomatic_test,1.1,GARC1,RUS,streptomycin,gid@R96H,S,{},"[{""proportion"": 0.0, ""confidence"": [0.0, 0.7301340512159458], ""p_value"": 1.0, ""contingency"": [[0, 1], [160, 3220]]}]",{}
97,NC00962.3,catomatic_test,1.1,GARC1,RUS,streptomycin,rrs@c462t,S,{},"[{""proportion"": 0.0, ""confidence"": [0.0, 0.7301340512159458], ""p_value"": 1.0, ""contingency"": [[0, 1], [160, 3220]]}]",{}
98,NC00962.3,catomatic_test,1.1,GARC1,RUS,streptomycin,gid@42_del_g,S,{},"[{""proportion"": 0.0, ""confidence"": [0.0, 0.7301340512159458], ""p_value"": 1.0, ""contingency"": [[0, 1], [160, 3220]]}]",{}
99,NC00962.3,catomatic_test,1.1,GARC1,RUS,streptomycin,gid@S136P,S,{},"[{""proportion"": 0.0, ""confidence"": [0.0, 0.7301340512159458], ""p_value"": 1.0, ""contingency"": [[0, 1], [160, 3220]]}]",{}
100,NC00962.3,catomatic_test,1.1,GARC1,RUS,streptomycin,gid@A25G,S,{},"[{""proportion"": 0.0, ""confidence"": [0.0, 0.7301340512159458], ""p_value"": 1.0, ""contingency"": [[0, 1], [160, 3220]]}]",{}
101,NC00962.3,catomatic_test,1.1,GARC1,RUS,streptomycin,gid@A224V,S,{},"[{""proportion"": 0.0, ""confidence"": [0.0, 0.7301340512159458], ""p_value"": 1.0, ""contingency"": [[0, 1], [160, 3220]]}]",{}
102,NC00962.3,catomatic_test,1.1,GARC1,RUS,streptomycin,rrs@c653t,S,{},"[{""proportion"": 0.0, ""confidence"": [0.0, 0.7301340512159458], ""p_value"": 1.0, ""contingency"": [[0, 1], [160, 3220]]}]",{}
103,NC00962.3,catomatic_test,1.1,GARC1,RUS,streptomycin,rrs@t-76g,S,{},"[{""proportion"": 0.0, ""confidence"": [0.0, 0.7301340512159458], ""p_value"": 1.0, ""contingency"": [[0, 1], [160, 3220]]}]",{}
104,NC00962.3,catomatic_test,1.1,GARC1,RUS,streptomycin,gid@G157R,S,{},"[{""proportion"": 0.0, ""confidence"": [0.0, 0.7301340512159458], ""p_value"": 1.0, ""contingency"": [[0, 1], [160, 3220]]}]",{}
105,NC00962.3,catomatic_test,1.1,GARC1,RUS,streptomycin,rrs@c708t,S,{},"[{""proportion"": 0.0, ""confidence"": [0.0, 0.7301340512159458], ""p_value"": 1.0, ""contingency"": [[0, 1], [160, 3220]]}]",{}
106,NC00962.3,catomatic_test,1.1,GARC1,RUS,streptomycin,rrs@g222t,S,{},"[{""proportion"": 0.0, ""confidence"": [0.0, 0.7301340512159458], ""p_value"": 1.0, ""contingency"": [[0, 1], [160, 3220]]}]",{}
107,NC00962.3,catomatic_test,1.1,GARC1,RUS,streptomycin,gid@E170K,S,{},"[{""proportion"": 0.0, ""confidence"": [0.0, 0.7301340512159458], ""p_value"": 1.0, ""contingency"": [[0, 1], [160, 3220]]}]",{}
108,NC00962.3,catomatic_test,1.1,GARC1,RUS,streptomycin,gid@g-7a,S,{},"[{""proportion"": 0.0, ""confidence"": [0.0, 0.7301340512159458], ""p_value"": 1.0, ""contingency"": [[0, 1], [160, 3220]]}]",{}
109,NC00962.3,catomatic_test,1.1,GARC1,RUS,streptomycin,gid@G42V,S,{},"[{""proportion"": 0.0, ""confidence"": [0.0, 0.7301340512159458], ""p_value"": 1.0, ""contingency"": [[0, 1], [160, 3220]]}]",{}
110,NC00962.3,catomatic_test,1.1,GARC1,RUS,streptomycin,gid@194_ins_c,S,{},"[{""proportion"": 0.0, ""confidence"": [0.0, 0.7301340512159458], ""p_value"": 1.0, ""contingency"": [[0, 1], [160, 3220]]}]",{}
111,NC00962.3,catomatic_test,1.1,GARC1,RUS,streptomycin,gid@R15W,S,{},"[{""proportion"": 0.0, ""confidence"": [0.0, 0.7301340512159458], ""p_value"": 1.0, ""contingency"": [[0, 1], [160, 3220]]}]",{}
112,NC00962.3,catomatic_test,1.1,GARC1,RUS,streptomycin,gid@W45!,S,{},"[{""proportion"": 0.0, ""confidence"": [0.0, 0.7301340512159458], ""p_value"": 1.0, ""contingency"": [[0, 1], [160, 3220]]}]",{}
113,NC00962.3,catomatic_test,1.1,GARC1,RUS,streptomycin,gid@R137W,S,{},"[{""proportion"": 0.0, ""confidence"": [0.0, 0.7301340512159458], ""p_value"": 1.0, ""contingency"": [[0, 1], [160, 3220]]}]",{}
114,NC00962.3,catomatic_test,1.1,GARC1,RUS,streptomycin,gid@A82P,S,{},"[{""proportion"": 0.0, ""confidence"": [0.0, 0.7301340512159458], ""p_value"": 1.0, ""contingency"": [[0, 1], [160, 3220]]}]",{}
115,NC00962.3,catomatic_test,1.1,GARC1,RUS,streptomycin,gid@R187S,S,{},"[{""proportion"": 0.0, ""confidence"": [0.0, 0.7301340512159458], ""p_value"": 1.0, ""contingency"": [[0, 1], [160, 3220]]}]",{}
116,NC00962.3,catomatic_test,1.1,GARC1,RUS,streptomycin,gid@R33P,S,{},"[{""proportion"": 0.0, ""confidence"": [0.0, 0.7301340512159458], ""p_value"": 1.0, ""contingency"": [[0, 1], [160, 3220]]}]",{}
117,NC00962.3,catomatic_test,1.1,GARC1,RUS,streptomycin,gid@L91P,S,{},"[{""proportion"": 0.0, ""confidence"": [0.0, 0.7301340512159458], ""p_value"": 1.0, ""contingency"": [[0, 1], [160, 3220]]}]",{}
118,NC00962.3,catomatic_test,1.1,GARC1,RUS,streptomycin,rrs@a1370g,S,{},"[{""proportion"": 0.0, ""confidence"": [0.0, 0.7301340512159458], ""p_value"": 1.0, ""contingency"": [[0, 1], [160, 3220]]}]",{}
119,NC00962.3,catomatic_test,1.1,GARC1,RUS,streptomycin,gid@G69S,S,{},"[{""proportion"": 0.0, ""confidence"": [0.0, 0.7301340512159458], ""p_value"": 1.0, ""contingency"": [[0, 1], [160, 3220]]}]",{}
120,NC00962.3,catomatic_test,1.1,GARC1,RUS,streptomycin,gid@A19T,S,{},"[{""proportion"": 0.0, ""confidence"": [0.0, 0.7301340512159458], ""p_value"": 1.0, ""contingency"": [[0, 1], [160, 3220]]}]",{}
121,NC00962.3,catomatic_test,1.1,GARC1,RUS,streptomycin,gid@A193G,S,{},"[{""proportion"": 0.0, ""confidence"": [0.0, 0.7301340512159458], ""p_value"": 1.0, ""contingency"": [[0, 1], [160, 3220]]}]",{}
122,NC00962.3,catomatic_test,1.1,GARC1,RUS,streptomycin,gid@-89_del_cgtg,S,{},"[{""proportion"": 0.0, ""confidence"": [0.0, 0.7301340512159458], ""p_value"": 1.0, ""contingency"": [[0, 1], [160, 3220]]}]",{}
123,NC00962.3,catomatic_test,1.1,GARC1,RUS,streptomycin,gid@C191Y,S,{},"[{""proportion"": 0.0, ""confidence"": [0.0, 0.7301340512159458], ""p_value"": 1.0, ""contingency"": [[0, 1], [160, 3220]]}]",{}
124,NC00962.3,catomatic_test,1.1,GARC1,RUS,streptomycin,gid@85_del_c,S,{},"[{""proportion"": 0.0, ""confidence"": [0.0, 0.7301340512159458], ""p_value"": 1.0, ""contingency"": [[0, 1], [160, 3220]]}]",{}
125,NC00962.3,catomatic_test,1.1,GARC1,RUS,streptomycin,gid@c-24t,S,{},"[{""proportion"": 0.0, ""confidence"": [0.0, 0.7301340512159458], ""p_value"": 1.0, ""contingency"": [[0, 1], [160, 3220]]}]",{}
126,NC00962.3,catomatic_test,1.1,GARC1,RUS,streptomycin,rrs@t1239c,S,{},"[{""proportion"": 0.0, ""confidence"": [0.0, 0.4741955741575128], ""p_value"": 1.0, ""contingency"": [[0, 3], [160, 3220]]}]",{}
127,NC00962.3,catomatic_test,1.1,GARC1,RUS,streptomycin,gid@S131T,S,{},"[{""proportion"": 0.0, ""confidence"": [0.0, 0.7301340512159458], ""p_value"": 1.0, ""contingency"": [[0, 1], [160, 3220]]}]",{}
128,NC00962.3,catomatic_test,1.1,GARC1,RUS,streptomycin,gid@D107G,S,{},"[{""proportion"": 0.0, ""confidence"": [0.0, 0.5749693909936536], ""p_value"": 1.0, ""contingency"": [[0, 2], [160, 3220]]}]",{}
129,NC00962.3,catomatic_test,1.1,GARC1,RUS,streptomycin,gid@C52R,S,{},"[{""proportion"": 0.0, ""confidence"": [0.0, 0.5749693909936536], ""p_value"": 1.0, ""contingency"": [[0, 2], [160, 3220]]}]",{}
130,NC00962.3,catomatic_test,1.1,GARC1,RUS,streptomycin,rrs@a126g,S,{},"[{""proportion"": 0.0, ""confidence"": [0.0, 0.7301340512159458], ""p_value"": 1.0, ""contingency"": [[0, 1], [160, 3220]]}]",{}
131,NC00962.3,catomatic_test,1.1,GARC1,RUS,streptomycin,gid@288_ins_gc,S,{},"[{""proportion"": 0.0, ""confidence"": [0.0, 0.7301340512159458], ""p_value"": 1.0, ""contingency"": [[0, 1], [160, 3220]]}]",{}
132,NC00962.3,catomatic_test,1.1,GARC1,RUS,streptomycin,rrs@c171g,S,{},"[{""proportion"": 0.0, ""confidence"": [0.0, 0.7301340512159458], ""p_value"": 1.0, ""contingency"": [[0, 1], [160, 3220]]}]",{}
133,NC00962.3,catomatic_test,1.1,GARC1,RUS,streptomycin,rrs@g1016c,S,{},"[{""proportion"": 0.0, ""confidence"": [0.0, 0.5749693909936536], ""p_value"": 1.0, ""contingency"": [[0, 2], [160, 3220]]}]",{}
134,NC00962.3,catomatic_test,1.1,GARC1,RUS,streptomycin,gid@A133R,S,{},"[{""proportion"": 0.0, ""confidence"": [0.0, 0.7301340512159458], ""p_value"": 1.0, ""contingency"": [[0, 1], [191, 4112]]}]",{}
135,NC00962.3,catomatic_test,1.1,GARC1,RUS,streptomycin,gid@M159T,S,{},"[{""proportion"": 0.0, ""confidence"": [0.0, 0.7301340512159458], ""p_value"": 1.0, ""contingency"": [[0, 1], [191, 4112]]}]",{}
136,NC00962.3,catomatic_test,1.1,GARC1,RUS,streptomycin,gid@L90F,S,{},"[{""proportion"": 0.0, ""confidence"": [0.0, 0.7301340512159458], ""p_value"": 1.0, ""contingency"": [[0, 1], [191, 4112]]}]",{}
137,NC00962.3,catomatic_test,1.1,GARC1,RUS,streptomycin,rrs@c141t,S,{},"[{""proportion"": 0.0, ""confidence"": [0.0, 0.7301340512159458], ""p_value"": 1.0, ""contingency"": [[0, 1], [191, 4112]]}]",{}
138,NC00962.3,catomatic_test,1.1,GARC1,RUS,streptomycin,gid@D67H,S,{},"[{""proportion"": 0.0, ""confidence"": [0.0, 0.7301340512159458], ""p_value"": 1.0, ""contingency"": [[0, 1], [191, 4112]]}]",{}
139,NC00962.3,catomatic_test,1.1,GARC1,RUS,streptomycin,gid@V88A,S,{},"[{""proportion"": 0.0, ""confidence"": [0.0, 0.7301340512159458], ""p_value"": 1.0, ""contingency"": [[0, 1], [191, 4112]]}]",{}
140,NC00962.3,catomatic_test,1.1,GARC1,RUS,streptomycin,rrs@a1219g,S,{},"[{""proportion"": 0.0, ""confidence"": [0.0, 0.7301340512159458], ""p_value"": 1.0, ""contingency"": [[0, 1], [191, 4112]]}]",{}
141,NC00962.3,catomatic_test,1.1,GARC1,RUS,streptomycin,rrs@a1469g,S,{},"[{""proportion"": 0.0, ""confidence"": [0.0, 0.7301340512159458], ""p_value"": 1.0, ""contingency"": [[0, 1], [191, 4112]]}]",{}
142,NC00962.3,catomatic_test,1.1,GARC1,RUS,streptomycin,rrs@t268c,S,{},"[{""proportion"": 0.0, ""confidence"": [0.0, 0.7301340512159458], ""p_value"": 1.0, ""contingency"": [[0, 1], [191, 4112]]}]",{}
143,NC00962.3,catomatic_test,1.1,GARC1,RUS,streptomycin,gid@V65I,S,{},"[{""proportion"": 0.0, ""confidence"": [0.0, 0.7301340512159458], ""p_value"": 1.0, ""contingency"": [[0, 1], [191, 4112]]}]",{}
144,NC00962.3,catomatic_test,1.1,GARC1,RUS,streptomycin,gid@E40D,S,{},"[{""proportion"": 0.0, ""confidence"": [0.0, 0.7301340512159458], ""p_value"": 1.0, ""contingency"": [[0, 1], [191, 4112]]}]",{}
145,NC00962.3,catomatic_test,1.1,GARC1,RUS,streptomycin,rrs@c-69t,S,{},"[{""proportion"": 0.0, ""confidence"": [0.0, 0.7301340512159458], ""p_value"": 1.0, ""contingency"": [[0, 1], [191, 4112]]}]",{}
146,NC00962.3,catomatic_test,1.1,GARC1,RUS,streptomycin,gid@553_ins_g,S,{},"[{""proportion"": 0.0, ""confidence"": [0.0, 0.7301340512159458], ""p_value"": 1.0, ""contingency"": [[0, 1], [191, 4112]]}]",{}
147,NC00962.3,catomatic_test,1.1,GARC1,RUS,streptomycin,rrs@t140g,S,{},"[{""proportion"": 0.0, ""confidence"": [0.0, 0.7301340512159458], ""p_value"": 1.0, ""contingency"": [[0, 1], [191, 4112]]}]",{}
148,NC00962.3,catomatic_test,1.1,GARC1,RUS,streptomycin,rrs@a1211g,S,{},"[{""proportion"": 0.0, ""confidence"": [0.0, 0.7301340512159458], ""p_value"": 1.0, ""contingency"": [[0, 1], [191, 4112]]}]",{}
149,NC00962.3,catomatic_test,1.1,GARC1,RUS,streptomycin,rrs@a-35g,S,{},"[{""proportion"": 0.0, ""confidence"": [0.0, 0.7301340512159458], ""p_value"": 1.0, ""contingency"": [[0, 1], [191, 4112]]}]",{}
150,NC00962.3,catomatic_test,1.1,GARC1,RUS,streptomycin,rrs@t-67c,S,{},"[{""proportion"": 0.0, ""confidence"": [0.0, 0.7301340512159458], ""p_value"": 1.0, ""contingency"": [[0, 1], [191, 4112]]}]",{}
151,NC00962.3,catomatic_test,1.1,GARC1,RUS,streptomycin,gid@g-59a,S,{},"[{""proportion"": 0.0, ""confidence"": [0.0, 0.7301340512159458], ""p_value"": 1.0, ""contingency"": [[0, 1], [191, 4112]]}]",{}
152,NC00962.3,catomatic_test,1.1,GARC1,RUS,streptomycin,gid@P84L,S,{},"[{""proportion"": 0.0, ""confidence"": [0.0, 0.7301340512159458], ""p_value"": 1.0, ""contingency"": [[0, 1], [191, 4112]]}]",{}
153,NC00962.3,catomatic_test,1.1,GARC1,RUS,streptomycin,rrs@c710t,S,{},"[{""proportion"": 0.0, ""confidence"": [0.0, 0.7301340512159458], ""p_value"": 1.0, ""contingency"": [[0, 1], [191, 4112]]}]",{}
154,NC00962.3,catomatic_test,1.1,GARC1,RUS,streptomycin,gid@L86F,S,{},"[{""proportion"": 0.0, ""confidence"": [0.0, 0.7301340512159458], ""p_value"": 1.0, ""contingency"": [[0, 1], [191, 4112]]}]",{}
231,NC00962.3,catomatic_test,1.1,GARC1,RUS,streptomycin,gid@*=,S,{},"{""default_rule"": ""True""}",{}
236,NC00962.3,catomatic_test,1.1,GARC1,RUS,streptomycin,rpsL@*=,S,{},"{""default_rule"": ""True""}",{}
155,NC00962.3,catomatic_test,1.1,GARC1,RUS,streptomycin,gid@98_del_g,R,{},"[{""proportion"": 0.4375, ""confidence"": [0.257658008829804, 0.6354218150786471], ""p_value"": 0.08957984764128923, ""contingency"": [[7, 9], [191, 4133]]}]",{}
157,NC00962.3,catomatic_test,1.1,GARC1,RUS,streptomycin,rrs@c517t,R,{},"[{""proportion"": 0.9, ""confidence"": [0.7383369536731331, 0.9663367764380953], ""p_value"": 1.610715116839856e-09, ""contingency"": [[18, 2], [191, 4133]]}]",{}
159,NC00962.3,catomatic_test,1.1,GARC1,RUS,streptomycin,rpsL@K43R,R,{},"[{""proportion"": 0.9740634005763689, ""confidence"": [0.9559420560824443, 0.984849435955161], ""p_value"": 4.374254950984369e-188, ""contingency"": [[338, 9], [191, 4133]]}]",{}
160,NC00962.3,catomatic_test,1.1,GARC1,RUS,streptomycin,rrs@a1401g,R,{},"[{""proportion"": 0.625, ""confidence"": [0.4219159873257089, 0.7919243648573888], ""p_value"": 0.0016444653738290071, ""contingency"": [[10, 6], [191, 4133]]}]",{}
162,NC00962.3,catomatic_test,1.1,GARC1,RUS,streptomycin,gid@227_del_g,R,{},"[{""proportion"": 1.0, ""confidence"": [0.42503060900634637, 1.0], ""p_value"": 0.0625, ""contingency"": [[2, 0], [191, 4133]]}]",{}
163,NC00962.3,catomatic_test,1.1,GARC1,RUS,streptomycin,gid@347_del_g,R,{},"[{""proportion"": 0.5454545454545454, ""confidence"": [0.3150681426585182, 0.7578950348578892], ""p_value"": 0.03432750701904297, ""contingency"": [[6, 5], [191, 4133]]}]",{}
166,NC00962.3,catomatic_test,1.1,GARC1,RUS,streptomycin,rpsL@K88R,R,{},"[{""proportion"": 0.9333333333333333, ""confidence"": [0.8444706406146286, 0.9730444147903622], ""p_value"": 3.1679724991073846e-22, ""contingency"": [[42, 3], [191, 4133]]}]",{}
174,NC00962.3,catomatic_test,1.1,GARC1,RUS,streptomycin,rrs@a514t,R,{},"[{""proportion"": 1.0, ""confidence"": [0.42503060900634637, 1.0], ""p_value"": 0.0625, ""contingency"": [[2, 0], [191, 4133]]}]",{}
176,NC00962.3,catomatic_test,1.1,GARC1,RUS,streptomycin,rrs@c905a,R,{},"[{""proportion"": 1.0, ""confidence"": [0.5258044258424873, 1.0], ""p_value"": 0.015625, ""contingency"": [[3, 0], [191, 4133]]}]",{}
177,NC00962.3,catomatic_test,1.1,GARC1,RUS,streptomycin,rrs@a514c,R,{},"[{""proportion"": 0.92, ""confidence"": [0.784807584208625, 0.9731634707462924], ""p_value"": 2.4655832930875476e-12, ""contingency"": [[23, 2], [191, 4133]]}]",{}
178,NC00962.3,catomatic_test,1.1,GARC1,RUS,streptomycin,gid@R47W,R,{},"[{""proportion"": 1.0, ""confidence"": [0.42503060900634637, 1.0], ""p_value"": 0.0625, ""contingency"": [[2, 0], [191, 4133]]}]",{}
190,NC00962.3,catomatic_test,1.1,GARC1,RUS,streptomycin,gid@G69D,R,{},"[{""proportion"": 1.0, ""confidence"": [0.5258044258424873, 1.0], ""p_value"": 0.015625, ""contingency"": [[3, 0], [191, 4133]]}]",{}
197,NC00962.3,catomatic_test,1.1,GARC1,RUS,streptomycin,gid@P75R,R,{},"[{""proportion"": 1.0, ""confidence"": [0.6488834992348987, 0.9999999999999999], ""p_value"": 0.0009765625, ""contingency"": [[5, 0], [191, 4133]]}]",{}
202,NC00962.3,catomatic_test,1.1,GARC1,RUS,streptomycin,gid@G30D,R,{},"[{""proportion"": 1.0, ""confidence"": [0.42503060900634637, 1.0], ""p_value"": 0.0625, ""contingency"": [[2, 0], [191, 4133]]}]",{}
203,NC00962.3,catomatic_test,1.1,GARC1,RUS,streptomycin,gid@D85A,R,{},"[{""proportion"": 1.0, ""confidence"": [0.42503060900634637, 1.0], ""p_value"": 0.0625, ""contingency"": [[2, 0], [191, 4133]]}]",{}
207,NC00962.3,catomatic_test,1.1,GARC1,RUS,streptomycin,gid@R118S,R,{},"[{""proportion"": 1.0, ""confidence"": [0.5258044258424873, 1.0], ""p_value"": 0.015625, ""contingency"": [[3, 0], [191, 4133]]}]",{}
208,NC00962.3,catomatic_test,1.1,GARC1,RUS,streptomycin,gid@G117V,R,{},"[{""proportion"": 1.0, ""confidence"": [0.42503060900634637, 1.0], ""p_value"": 0.0625, ""contingency"": [[2, 0], [191, 4133]]}]",{}
226,NC00962.3,catomatic_test,1.1,GARC1,RUS,streptomycin,gid@*!,R,{},"{""default_rule"": ""True""}",{}
227,NC00962.3,catomatic_test,1.1,GARC1,RUS,streptomycin,gid@*_indel,R,{},"{""default_rule"": ""True""}",{}
242,NC00962.3,catomatic_test,1.1,GARC1,RUS,streptomycin,gid@del_0.0,R,{},"{""default_rule"": ""True""}",{}
156,NC00962.3,catomatic_test,1.1,GARC1,RUS,streptomycin,gid@P75L,U,{},"[{""proportion"": 0.5, ""confidence"": [0.12086631942227365, 0.8791336805777263], ""p_value"": 0.4375, ""contingency"": [[1, 1], [191, 4133]]}]",{}
158,NC00962.3,catomatic_test,1.1,GARC1,RUS,streptomycin,gid@P75S,U,{},"[{""proportion"": 0.5, ""confidence"": [0.18240016325464492, 0.8175998367453551], ""p_value"": 0.26171875, ""contingency"": [[2, 2], [191, 4133]]}]",{}
161,NC00962.3,catomatic_test,1.1,GARC1,RUS,streptomycin,gid@E40G,U,{},"[{""proportion"": 1.0, ""confidence"": [0.2698659487840541, 0.9999999999999999], ""p_value"": 0.25, ""contingency"": [[1, 0], [191, 4133]]}]",{}
164,NC00962.3,catomatic_test,1.1,GARC1,RUS,streptomycin,gid@A119D,U,{},"[{""proportion"": 0.6666666666666666, ""confidence"": [0.2535338682812242, 0.9217342736662717], ""p_value"": 0.15625, ""contingency"": [[2, 1], [191, 4133]]}]",{}
165,NC00962.3,catomatic_test,1.1,GARC1,RUS,streptomycin,rrs@a907t,U,{},"[{""proportion"": 1.0, ""confidence"": [0.2698659487840541, 0.9999999999999999], ""p_value"": 0.25, ""contingency"": [[1, 0], [191, 4133]]}]",{}
167,NC00962.3,catomatic_test,1.1,GARC1,RUS,streptomycin,gid@112_del_c,U,{},"[{""proportion"": 0.4, ""confidence"": [0.1942269918768033, 0.6483614021398783], ""p_value"": 0.2804384231567383, ""contingency"": [[4, 6], [191, 4133]]}]",{}
168,NC00962.3,catomatic_test,1.1,GARC1,RUS,streptomycin,gid@A138V,U,{},"[{""proportion"": 0.3333333333333333, ""confidence"": [0.0782657263337284, 0.7464661317187758], ""p_value"": 1.0, ""contingency"": [[1, 2], [191, 4133]]}]",{}
169,NC00962.3,catomatic_test,1.1,GARC1,RUS,streptomycin,gid@G117R,U,{},"[{""proportion"": 1.0, ""confidence"": [0.2698659487840541, 0.9999999999999999], ""p_value"": 0.25, ""contingency"": [[1, 0], [191, 4133]]}]",{}
170,NC00962.3,catomatic_test,1.1,GARC1,RUS,streptomycin,gid@A119T,U,{},"[{""proportion"": 0.18181818181818182, ""confidence"": [0.06211525251916969, 0.427142504865978], ""p_value"": 1.0, ""contingency"": [[2, 9], [191, 4133]]}]",{}
171,NC00962.3,catomatic_test,1.1,GARC1,RUS,streptomycin,gid@Q125!,U,{},"[{""proportion"": 0.5, ""confidence"": [0.12086631942227365, 0.8791336805777263], ""p_value"": 0.4375, ""contingency"": [[1, 1], [191, 4133]]}]",{}
172,NC00962.3,catomatic_test,1.1,GARC1,RUS,streptomycin,gid@L160R,U,{},"[{""proportion"": 1.0, ""confidence"": [0.2698659487840541, 0.9999999999999999], ""p_value"": 0.25, ""contingency"": [[1, 0], [191, 4133]]}]",{}
173,NC00962.3,catomatic_test,1.1,GARC1,RUS,streptomycin,gid@T146K,U,{},"[{""proportion"": 0.5, ""confidence"": [0.12086631942227365, 0.8791336805777263], ""p_value"": 0.4375, ""contingency"": [[1, 1], [191, 4133]]}]",{}
175,NC00962.3,catomatic_test,1.1,GARC1,RUS,streptomycin,rrs@g878a,U,{},"[{""proportion"": 0.5, ""confidence"": [0.12086631942227365, 0.8791336805777263], ""p_value"": 0.4375, ""contingency"": [[1, 1], [191, 4133]]}]",{}
179,NC00962.3,catomatic_test,1.1,GARC1,RUS,streptomycin,gid@K163N,U,{},"[{""proportion"": 1.0, ""confidence"": [0.2698659487840541, 0.9999999999999999], ""p_value"": 0.25, ""contingency"": [[1, 0], [191, 4133]]}]",{}
180,NC00962.3,catomatic_test,1.1,GARC1,RUS,streptomycin,rpsL@K88Q,U,{},"[{""proportion"": 1.0, ""confidence"": [0.2698659487840541, 0.9999999999999999], ""p_value"": 0.25, ""contingency"": [[1, 0], [191, 4133]]}]",{}
181,NC00962.3,catomatic_test,1.1,GARC1,RUS,streptomycin,gid@R21P,U,{},"[{""proportion"": 1.0, ""confidence"": [0.2698659487840541, 0.9999999999999999], ""p_value"": 0.25, ""contingency"": [[1, 0], [191, 4133]]}]",{}
182,NC00962.3,catomatic_test,1.1,GARC1,RUS,streptomycin,gid@L142W,U,{},"[{""proportion"": 1.0, ""confidence"": [0.2698659487840541, 0.9999999999999999], ""p_value"": 0.25, ""contingency"": [[1, 0], [191, 4133]]}]",{}
183,NC00962.3,catomatic_test,1.1,GARC1,RUS,streptomycin,gid@474_del_a,U,{},"[{""proportion"": 1.0, ""confidence"": [0.2698659487840541, 0.9999999999999999], ""p_value"": 0.25, ""contingency"": [[1, 0], [191, 4133]]}]",{}
184,NC00962.3,catomatic_test,1.1,GARC1,RUS,streptomycin,gid@E92K,U,{},"[{""proportion"": 1.0, ""confidence"": [0.2698659487840541, 0.9999999999999999], ""p_value"": 0.25, ""contingency"": [[1, 0], [191, 4133]]}]",{}
185,NC00962.3,catomatic_test,1.1,GARC1,RUS,streptomycin,gid@47_del_t,U,{},"[{""proportion"": 0.25, ""confidence"": [0.05790732119985868, 0.6438319914014936], ""p_value"": 1.0, ""contingency"": [[1, 3], [191, 4133]]}]",{}
186,NC00962.3,catomatic_test,1.1,GARC1,RUS,streptomycin,rrs@t16c,U,{},"[{""proportion"": 1.0, ""confidence"": [0.2698659487840541, 0.9999999999999999], ""p_value"": 0.25, ""contingency"": [[1, 0], [191, 4133]]}]",{}
187,NC00962.3,catomatic_test,1.1,GARC1,RUS,streptomycin,gid@A10V,U,{},"[{""proportion"": 1.0, ""confidence"": [0.2698659487840541, 0.9999999999999999], ""p_value"": 0.25, ""contingency"": [[1, 0], [191, 4133]]}]",{}
188,NC00962.3,catomatic_test,1.1,GARC1,RUS,streptomycin,gid@R97L,U,{},"[{""proportion"": 0.5, ""confidence"": [0.12086631942227365, 0.8791336805777263], ""p_value"": 0.4375, ""contingency"": [[1, 1], [191, 4133]]}]",{}
189,NC00962.3,catomatic_test,1.1,GARC1,RUS,streptomycin,gid@V139A,U,{},"[{""proportion"": 1.0, ""confidence"": [0.2698659487840541, 0.9999999999999999], ""p_value"": 0.25, ""contingency"": [[1, 0], [191, 4133]]}]",{}
191,NC00962.3,catomatic_test,1.1,GARC1,RUS,streptomycin,gid@V65G,U,{},"[{""proportion"": 0.6666666666666666, ""confidence"": [0.2535338682812242, 0.9217342736662717], ""p_value"": 0.15625, ""contingency"": [[2, 1], [191, 4133]]}]",{}
192,NC00962.3,catomatic_test,1.1,GARC1,RUS,streptomycin,gid@L49P,U,{},"[{""proportion"": 1.0, ""confidence"": [0.2698659487840541, 0.9999999999999999], ""p_value"": 0.25, ""contingency"": [[1, 0], [191, 4133]]}]",{}
193,NC00962.3,catomatic_test,1.1,GARC1,RUS,streptomycin,gid@346_ins_g,U,{},"[{""proportion"": 0.3333333333333333, ""confidence"": [0.0782657263337284, 0.7464661317187758], ""p_value"": 1.0, ""contingency"": [[1, 2], [191, 4133]]}]",{}
194,NC00962.3,catomatic_test,1.1,GARC1,RUS,streptomycin,gid@V203L,U,{},"[{""proportion"": 1.0, ""confidence"": [0.2698659487840541, 0.9999999999999999], ""p_value"": 0.25, ""contingency"": [[1, 0], [191, 4133]]}]",{}
195,NC00962.3,catomatic_test,1.1,GARC1,RUS,streptomycin,gid@H48Q,U,{},"[{""proportion"": 1.0, ""confidence"": [0.2698659487840541, 0.9999999999999999], ""p_value"": 0.25, ""contingency"": [[1, 0], [191, 4133]]}]",{}
196,NC00962.3,catomatic_test,1.1,GARC1,RUS,streptomycin,gid@A19P,U,{},"[{""proportion"": 0.5, ""confidence"": [0.12086631942227365, 0.8791336805777263], ""p_value"": 0.4375, ""contingency"": [[1, 1], [191, 4133]]}]",{}
198,NC00962.3,catomatic_test,1.1,GARC1,RUS,streptomycin,gid@C52F,U,{},"[{""proportion"": 1.0, ""confidence"": [0.2698659487840541, 0.9999999999999999], ""p_value"": 0.25, ""contingency"": [[1, 0], [191, 4133]]}]",{}
199,NC00962.3,catomatic_test,1.1,GARC1,RUS,streptomycin,rpsL@E70A,U,{},"[{""proportion"": 1.0, ""confidence"": [0.2698659487840541, 0.9999999999999999], ""p_value"": 0.25, ""contingency"": [[1, 0], [191, 4133]]}]",{}
200,NC00962.3,catomatic_test,1.1,GARC1,RUS,streptomycin,gid@L26F,U,{},"[{""proportion"": 1.0, ""confidence"": [0.2698659487840541, 0.9999999999999999], ""p_value"": 0.25, ""contingency"": [[1, 0], [191, 4133]]}]",{}
201,NC00962.3,catomatic_test,1.1,GARC1,RUS,streptomycin,gid@A205E,U,{},"[{""proportion"": 1.0, ""confidence"": [0.2698659487840541, 0.9999999999999999], ""p_value"": 0.25, ""contingency"": [[1, 0], [191, 4133]]}]",{}
204,NC00962.3,catomatic_test,1.1,GARC1,RUS,streptomycin,gid@L74S,U,{},"[{""proportion"": 1.0, ""confidence"": [0.2698659487840541, 0.9999999999999999], ""p_value"": 0.25, ""contingency"": [[1, 0], [191, 4133]]}]",{}
205,NC00962.3,catomatic_test,1.1,GARC1,RUS,streptomycin,gid@S136!,U,{},"[{""proportion"": 1.0, ""confidence"": [0.2698659487840541, 0.9999999999999999], ""p_value"": 0.25, ""contingency"": [[1, 0], [191, 4133]]}]",{}
206,NC00962.3,catomatic_test,1.1,GARC1,RUS,streptomycin,gid@G73A,U,{},"[{""proportion"": 1.0, ""confidence"": [0.2698659487840541, 0.9999999999999999], ""p_value"": 0.25, ""contingency"": [[1, 0], [191, 4133]]}]",{}
209,NC00962.3,catomatic_test,1.1,GARC1,RUS,streptomycin,gid@R118L,U,{},"[{""proportion"": 1.0, ""confidence"": [0.2698659487840541, 0.9999999999999999], ""p_value"": 0.25, ""contingency"": [[1, 0], [191, 4133]]}]",{}
210,NC00962.3,catomatic_test,1.1,GARC1,RUS,streptomycin,gid@I162S,U,{},"[{""proportion"": 1.0, ""confidence"": [0.2698659487840541, 0.9999999999999999], ""p_value"": 0.25, ""contingency"": [[1, 0], [191, 4133]]}]",{}
211,NC00962.3,catomatic_test,1.1,GARC1,RUS,streptomycin,rrs@a1325c,U,{},"[{""proportion"": 1.0, ""confidence"": [0.2698659487840541, 0.9999999999999999], ""p_value"": 0.25, ""contingency"": [[1, 0], [191, 4133]]}]",{}
212,NC00962.3,catomatic_test,1.1,GARC1,RUS,streptomycin,gid@E173!,U,{},"[{""proportion"": 1.0, ""confidence"": [0.2698659487840541, 0.9999999999999999], ""p_value"": 0.25, ""contingency"": [[1, 0], [191, 4133]]}]",{}
213,NC00962.3,catomatic_test,1.1,GARC1,RUS,streptomycin,gid@S70N,U,{},"[{""proportion"": 1.0, ""confidence"": [0.2698659487840541, 0.9999999999999999], ""p_value"": 0.25, ""contingency"": [[1, 0], [191, 4133]]}]",{}
214,NC00962.3,catomatic_test,1.1,GARC1,RUS,streptomycin,gid@V41I,U,{},"[{""proportion"": 0.3333333333333333, ""confidence"": [0.0782657263337284, 0.7464661317187758], ""p_value"": 1.0, ""contingency"": [[1, 2], [191, 4133]]}]",{}
215,NC00962.3,catomatic_test,1.1,GARC1,RUS,streptomycin,gid@A80V,U,{},"[{""proportion"": 1.0, ""confidence"": [0.2698659487840541, 0.9999999999999999], ""p_value"": 0.25, ""contingency"": [[1, 0], [191, 4133]]}]",{}
216,NC00962.3,catomatic_test,1.1,GARC1,RUS,streptomycin,gid@R83P,U,{},"[{""proportion"": 1.0, ""confidence"": [0.2698659487840541, 0.9999999999999999], ""p_value"": 0.25, ""contingency"": [[1, 0], [191, 4133]]}]",{}
217,NC00962.3,catomatic_test,1.1,GARC1,RUS,streptomycin,gid@L79W,U,{},"[{""proportion"": 1.0, ""confidence"": [0.2698659487840541, 0.9999999999999999], ""p_value"": 0.25, ""contingency"": [[1, 0], [191, 4133]]}]",{}
218,NC00962.3,catomatic_test,1.1,GARC1,RUS,streptomycin,gid@V171G,U,{},"[{""proportion"": 1.0, ""confidence"": [0.2698659487840541, 0.9999999999999999], ""p_value"": 0.25, ""contingency"": [[1, 0], [191, 4133]]}]",{}
219,NC00962.3,catomatic_test,1.1,GARC1,RUS,streptomycin,gid@245_ins_gcg,U,{},"[{""proportion"": 1.0, ""confidence"": [0.2698659487840541, 0.9999999999999999], ""p_value"": 0.25, ""contingency"": [[1, 0], [191, 4133]]}]",{}
220,NC00962.3,catomatic_test,1.1,GARC1,RUS,streptomycin,gid@Q127!,U,{},"[{""proportion"": 1.0, ""confidence"": [0.2698659487840541, 0.9999999999999999], ""p_value"": 0.25, ""contingency"": [[1, 0], [191, 4133]]}]",{}
221,NC00962.3,catomatic_test,1.1,GARC1,RUS,streptomycin,gid@347_del_gg,U,{},"[{""proportion"": 1.0, ""confidence"": [0.2698659487840541, 0.9999999999999999], ""p_value"": 0.25, ""contingency"": [[1, 0], [191, 4133]]}]",{}
222,NC00962.3,catomatic_test,1.1,GARC1,RUS,streptomycin,rrs@a908c,U,{},"[{""proportion"": 1.0, ""confidence"": [0.2698659487840541, 0.9999999999999999], ""p_value"": 0.25, ""contingency"": [[1, 0], [191, 4133]]}]",{}
223,NC00962.3,catomatic_test,1.1,GARC1,RUS,streptomycin,gid@W148C,U,{},"[{""proportion"": 1.0, ""confidence"": [0.2698659487840541, 0.9999999999999999], ""p_value"": 0.25, ""contingency"": [[1, 0], [191, 4133]]}]",{}
224,NC00962.3,catomatic_test,1.1,GARC1,RUS,streptomycin,rpsL@K88T,U,{},"[{""proportion"": 1.0, ""confidence"": [0.2698659487840541, 0.9999999999999999], ""p_value"": 0.25, ""contingency"": [[1, 0], [191, 4133]]}]",{}
225,NC00962.3,catomatic_test,1.1,GARC1,RUS,streptomycin,rrs@c1382g,U,{},"[{""proportion"": 1.0, ""confidence"": [0.2698659487840541, 0.9999999999999999], ""p_value"": 0.25, ""contingency"": [[1, 0], [191, 4133]]}]",{}
228,NC00962.3,catomatic_test,1.1,GARC1,RUS,streptomycin,gid@*?,U,{},"{""default_rule"": ""True""}",{}
229,NC00962.3,catomatic_test,1.1,GARC1,RUS,streptomycin,gid@-*?,U,{},"{""default_rule"": ""True""}",{}
230,NC00962.3,catomatic_test,1.1,GARC1,RUS,streptomycin,gid@-*_indel,U,{},"{""default_rule"": ""True""}",{}
232,NC00962.3,catomatic_test,1.1,GARC1,RUS,streptomycin,rpsL@*?,U,{},"{""default_rule"": ""True""}",{}
233,NC00962.3,catomatic_test,1.1,GARC1,RUS,streptomycin,rpsL@-*?,U,{},"{""default_rule"": ""True""}",{}
234,NC00962.3,catomatic_test,1.1,GARC1,RUS,streptomycin,rpsL@*_indel,U,{},"{""default_rule"": ""True""}",{}
235,NC00962.3,catomatic_test,1.1,GARC1,RUS,streptomycin,rpsL@-*_indel,U,{},"{""default_rule"": ""True""}",{}
237,NC00962.3,catomatic_test,1.1,GARC1,RUS,streptomycin,rrs@*?,U,{},"{""default_rule"": ""True""}",{}
238,NC00962.3,catomatic_test,1.1,GARC1,RUS,streptomycin,rrs@-*?,U,{},"{""default_rule"": ""True""}",{}
239,NC00962.3,catomatic_test,1.1,GARC1,RUS,streptomycin,rrs@*_indel,U,{},"{""default_rule"": ""True""}",{}
240,NC00962.3,catomatic_test,1.1,GARC1,RUS,streptomycin,rrs@-*_indel,U,{},"{""default_rule"": ""True""}",{}
241,NC00962.3,catomatic_test,1.1,GARC1,RUS,streptomycin,rrs@del_0.0,U,{},"{""default_rule"": ""True""}",{}
243,NC00962.3,catomatic_test,1.1,GARC1,RUS,streptomycin,rpsL@del_0.0,U,{},"{""default_rule"": ""True""}",{}
